.Random.seed <-
c(403L, 11L, 856423822L, -1498483975L, 1281503371L, -896616262L, 
2076527548L, 1265152255L, -1357294507L, -52084884L, -259731518L, 
-310458339L, 1886517399L, -1865341442L, 1289074104L, -580937317L, 
-1515839495L, 1359136584L, -27843978L, -1600275535L, 394036707L, 
151272114L, 764327684L, 1821461575L, -789681379L, -734211692L, 
-280685254L, -983537275L, 892701279L, -337974042L, 1309630320L, 
-1317543789L, -1939165903L, -1271964704L, 17885310L, 763581193L, 
1838691643L, -15939318L, 2144205036L, 872187247L, -1192957275L, 
-1255037860L, 2098357298L, -1806195923L, -737338905L, -1341799154L, 
345381608L, -1810344725L, -222958199L, 1820167448L, -1660252090L, 
981940385L, -179765453L, -355283294L, 1969708436L, 941949975L, 
-1708506099L, -2011639516L, 981400842L, 154983541L, -85559345L, 
924358870L, 1751677056L, -1187494205L, 1336143969L, 1886904528L, 
140319278L, -1892619303L, -1660685333L, 192320090L, 1529054236L, 
896319775L, -1763380875L, 833531916L, -779929118L, -77503811L, 
-1235641033L, 1592082910L, -1818491112L, 1178488443L, -1877812199L, 
-376771416L, -1013053866L, 1364615889L, 1671172739L, -1205384942L, 
868805796L, 1094638695L, 1436718525L, -1027553484L, -2071219046L, 
-1773733147L, -113761153L, -660980218L, -454448752L, 1767863347L, 
-1505272879L, -1316155008L, 882719838L, 2088287145L, -1615904165L, 
1896273514L, -842614004L, 1891495247L, 1882076677L, 474397884L, 
-647725678L, 1088485005L, 2084310215L, 612133294L, -1402596344L, 
-2107521013L, 610589929L, -943408200L, -1325407130L, 1757889793L, 
-669187181L, 1486226498L, -1231234060L, 69522935L, 2079222253L, 
1717168772L, 1938918570L, -1361929707L, -754645329L, -387291978L, 
348828384L, -1195553245L, -652570303L, -593138640L, -1224255922L, 
-1211391303L, -863381813L, 393752442L, -1384573316L, 1099403967L, 
-507006059L, -1421003860L, -1614169726L, 1347075933L, -317795753L, 
1707759934L, 1108162936L, 2024395355L, 183006649L, 442763272L, 
1244052150L, -373853711L, 105441315L, -1959090062L, -407618876L, 
-1202172793L, -252805027L, 1889945172L, 1014834298L, 782536645L, 
-1725181665L, -777420634L, 1799823920L, 246388947L, 838424305L, 
-1990101472L, -187965250L, 342746313L, 449089147L, -1610007478L, 
-958200660L, -716840017L, 348604261L, -297738980L, 29779314L, 
-1702285843L, -802921945L, -180604338L, 104429224L, -2016572245L, 
-1389335095L, -1313447464L, -707045242L, -2026715807L, 1726626035L, 
-2099861662L, 660599252L, 304698583L, 1339119309L, 1328340580L, 
-423814070L, 1828714933L, 252658959L, 951923222L, -1826280256L, 
881994371L, 1296488097L, -1478174576L, 592884590L, -1425965799L, 
-996840021L, 1927490458L, 366773084L, -1119829409L, -574240203L, 
143487436L, 1721387298L, 1516800893L, -1523373961L, 207289758L, 
61813848L, -1469500997L, -429766823L, -1584782104L, 84757782L, 
1675783825L, -1477270717L, -1123148206L, 2103324900L, 399409959L, 
-1581377667L, -782206348L, 283788378L, -456508251L, 1525671615L, 
-910099130L, -624393264L, 179834355L, 1744046353L, 316323136L, 
273413406L, 2029326825L, 1664508699L, 375036876L, 1426358012L, 
1371431922L, 2124608640L, 1067376884L, -2113744760L, -1686408902L, 
905974608L, -1817878420L, 870710420L, 593372498L, 1619329760L, 
642673868L, 1713056928L, -55063166L, -981811992L, -1217344276L, 
858056764L, 1798061170L, -1884455824L, 700555812L, -115378632L, 
-141966822L, 933942480L, -626080196L, 1727893652L, 2100272258L, 
1413012416L, 348082492L, 1987976848L, -1434225630L, 1333534728L, 
958129292L, -906476516L, 1366626450L, 1551746176L, 10652692L, 
-1059227864L, -1495238598L, 998467792L, 166406252L, 767557300L, 
-1183052782L, 1588360160L, 1810228172L, 1639559648L, -2139101150L, 
-2033318616L, -1161113332L, -1174371780L, -1340348174L, 1621470448L, 
1492981572L, -1006121896L, -107469254L, 370938096L, 230778556L, 
-1422294508L, -1797247806L, -1496073632L, 1830642044L, 186870992L, 
402139170L, -1430928216L, 1865421196L, 833868220L, -1769472974L, 
-283535552L, 2100204212L, -1792156344L, -1666292038L, -135916784L, 
-1969784596L, 1442454612L, -413992174L, -409444960L, -1220741172L, 
-287743136L, -709227326L, 1529283112L, -1274483284L, -1852933316L, 
243113842L, 518725424L, 78492708L, -2112867784L, 1470375642L, 
841520016L, -576255748L, 629424532L, -349596862L, 1411930624L, 
-592620484L, -40166832L, -1252182878L, 2076358472L, 1455316492L, 
-1579815204L, -729657262L, -1492877184L, -228185260L, -2097851416L, 
28181242L, -1642827952L, -1191514068L, -553623180L, 1161216658L, 
-184397216L, -77015924L, 745776480L, 2132732130L, 2001154216L, 
-492303668L, -1476577796L, -2104156238L, -2062317584L, -1300175420L, 
-1428530856L, 912192890L, -1247193680L, 47102396L, 601852500L, 
-515035710L, 680434464L, 2143357884L, 1805444176L, -890564638L, 
427856744L, -1679997108L, 549300988L, -805438734L, -670052096L, 
-1527974796L, -1291367928L, -1875453510L, 1486940624L, -183661588L, 
-514066540L, -1955226414L, -553826208L, 195318092L, -561613024L, 
786586242L, -1935382040L, 1837757420L, 1204719164L, 1939483250L, 
499560304L, -878788316L, 1749478968L, -2028823142L, -377289264L, 
1375609276L, -1454337388L, -1952553342L, 634728896L, 1626500924L, 
-175937904L, 206844706L, 1202750984L, -1762199796L, -1850255460L, 
455200786L, 1910596480L, -1313206508L, 1876158760L, 1529704506L, 
1844791248L, 1870088812L, 1373953076L, -1337162606L, 39349600L, 
1667600716L, 1440053728L, -669732958L, 100978600L, -392977268L, 
1517429692L, 1453832306L, 1170826224L, 1520590916L, -585104296L, 
400842810L, -1686445968L, -159829444L, -467895532L, 845749954L, 
-656904480L, -318204804L, -1205804848L, 341775266L, 323650088L, 
296666380L, 1464994748L, -560347854L, -2103419712L, 1737133620L, 
1589081800L, -1468836166L, -197631856L, 1561053932L, -1738130860L, 
-689127790L, -1362609376L, 1253706700L, 1756622048L, -1393055038L, 
1010413608L, 735857580L, -1684469060L, -411634190L, 1561839152L, 
1084346276L, -336357960L, -904265894L, 739059856L, 614787964L, 
1825547028L, 1485435202L, 1648247552L, -962035780L, -245947568L, 
855029026L, -1189065144L, 905173004L, -1708810148L, 104884690L, 
-2020999962L, 1291622884L, -543976171L, 218131775L, -766213928L, 
-141303562L, 927726339L, 1173048389L, 1825170530L, 979080144L, 
-1841358599L, 648852011L, -2124333668L, 1273513418L, 1947252415L, 
-428214263L, 1451682078L, 364555468L, -922097507L, -1710404313L, 
-1781072048L, -28184082L, 807392923L, 6961405L, 1577983978L, 
281446536L, -1585408463L, 302813347L, -1499429724L, 559293778L, 
1636397223L, 1288807665L, -423726026L, -900342572L, -1812979611L, 
1669851759L, -2029878104L, -704560634L, 1306469171L, 1109088149L, 
-1987726350L, 536578112L, 296032681L, 1895856155L, -944699924L, 
602248698L, 751788591L, -1667740103L, 540579918L, -767237988L, 
863388173L, 2144321143L, -1667426688L, -1964477218L, 977995691L, 
798935213L, -1612108518L, -1164867112L, 975065665L, -2119579405L, 
-211294444L, 1926745762L, -1184413769L, -259337343L, -1176305274L, 
190051268L, 1715273461L, -1743729825L, -1938983496L, -1162654570L, 
1156039331L, -736877467L, 1587777922L, 1449741040L, 1365048985L, 
-747593077L, 478200700L, -412199510L, 16489951L, 1949199209L, 
589482878L, -1194318996L, -1808930883L, 1723503751L, -1799804816L, 
-464620786L, -850173893L, 1537167133L, 508853706L, 1326946024L, 
66189777L, 1300851651L, 586884292L, -346915982L, 906364487L, 
796161553L, -801785962L, -1591121164L, 748240005L, -65494577L, 
1877488840L, -453962394L, -148306029L, -2045695755L, 695238866L, 
-1416138976L, -1959080183L, -592521157L, 250350988L, 1539507226L, 
-1811359601L, 418361305L, 573689966L, -1583016964L, 1863958893L, 
-256828649L, 2040400608L, -1810073410L, -653158773L, -2050839283L, 
-518864582L, 1362489720L, 292832033L, 1274680275L, -17777932L, 
667849602L, 1444028951L, 1025511649L, 1008057894L, 1842550564L, 
1239201749L, -864964737L, 701692440L, -985786058L, 1633789891L, 
410879493L, 869295522L, -748656240L, 213553465L, -1723865621L, 
